  -2.6800000e+00
  -2.1450000e+00
  -2.6450000e+00
  -2.9200000e+00
  -3.1450000e+00
  -3.3500000e+00
  -2.5250000e+00
  -2.4050000e+00
  -1.8750000e+00
  -1.6450000e+00
  -1.2800000e+00
  -1.2400000e+00
  -9.2000000e-01
  -9.2500000e-01
  -6.2000000e-01
  -7.2500000e-01
  -5.2000000e-01
  -5.7000000e-01
  -4.3000000e-01
  -4.3500000e-01
  -3.1500000e-01
  -3.8000000e-01
  -2.1000000e-01
  -3.0500000e-01
  -1.5000000e-01
  -2.2500000e-01
   1.5000000e-02
  -4.5000000e-02
   8.0000000e-02
  -1.5000000e-02
   1.5500000e-01
  -2.0000000e-02
   1.0000000e-01
   0.0000000e+00
   2.0000000e-02
  -6.0000000e-02
  -1.9500000e-01
  -2.3000000e-01
  -3.0000000e-02
   1.0000000e-02
  -9.0000000e-02
  -3.5000000e-02
  -2.0000000e-02
  -9.0000000e-02
  -1.0000000e-01
  -6.5000000e-02
  -8.0000000e-02
  -1.5000000e-01
  -1.7500000e-01
  -1.2500000e-01
  -1.0500000e-01
  -7.0000000e-02
  -1.1500000e-01
  -8.5000000e-02
  -7.0000000e-02
  -7.5000000e-02
  -3.5000000e-02
  -3.5000000e-02
  -1.0000000e-01
  -7.0000000e-02
  -7.5000000e-02
  -7.5000000e-02
  -4.5000000e-02
  -3.0000000e-02
  -9.0000000e-02
  -1.5000000e-02
  -3.0000000e-02
   3.5000000e-02
   1.0000000e-01
   1.3000000e-01
   2.8500000e-01
   2.4500000e-01
   1.8500000e-01
   1.0500000e-01
   4.0000000e-02
  -1.2000000e-01
  -9.0000000e-02
  -1.5500000e-01
  -8.0000000e-02
  -1.4000000e-01
  -1.4500000e-01
  -5.4500000e-01
  -7.6000000e-01
  -5.2500000e-01
   4.1500000e-01
   2.5350000e+00
   2.0350000e+00
   1.2700000e+00
   6.7500000e-01
  -1.0000000e-02
  -1.0500000e-01
  -1.5500000e-01
  -1.5500000e-01
  -1.6500000e-01
  -1.7000000e-01
  -1.0000000e-01
  -1.8000000e-01
  -1.5000000e-01
  -1.4500000e-01
  -2.0000000e-01
  -1.5500000e-01
  -1.6500000e-01
  -1.1500000e-01
  -1.8000000e-01
  -1.6000000e-01
  -2.2500000e-01
  -1.9000000e-01
  -1.6000000e-01
  -1.5500000e-01
  -1.1500000e-01
  -1.2500000e-01
  -1.1000000e-01
  -2.5000000e-02
   6.0000000e-02
   1.1000000e-01
   1.3500000e-01
   1.5000000e-01
   1.0500000e-01
   1.4000000e-01
   9.5000000e-02
   4.0000000e-02
   9.0000000e-02
  -1.0000000e-02
  -3.0000000e-02
  -5.0000000e-03
  -1.0000000e-02
  -3.0000000e-02
  -4.5000000e-02
  -5.5000000e-02
  -8.0000000e-02
  -2.5000000e-02
  -1.2000000e-01
  -1.7000000e-01
  -1.1000000e-01
  -1.4500000e-01
  -1.3000000e-01
  -7.5000000e-02
  -8.0000000e-02
  -1.3000000e-01
  -7.5000000e-02
  -2.0000000e-02
  -1.0500000e-01
  -1.2500000e-01
  -5.5000000e-02
  -8.0000000e-02
  -1.0500000e-01
  -7.5000000e-02
  -7.5000000e-02
  -7.0000000e-02
  -5.0000000e-02
  -8.0000000e-02
  -1.5000000e-02
  -1.0000000e-02
   1.1000000e-01
   1.4000000e-01
   2.6500000e-01
   1.7000000e-01
   1.7500000e-01
   1.7500000e-01
  -5.0000000e-02
  -1.1500000e-01
  -3.0000000e-02
  -3.5000000e-02
  -1.3000000e-01
  -1.6000000e-01
  -1.5000000e-01
  -4.3500000e-01
  -7.8000000e-01
  -7.3000000e-01
  -1.0000000e-02
   2.4750000e+00
   2.3950000e+00
   1.4100000e+00
   7.4000000e-01
  -6.5000000e-02
  -7.5000000e-02
  -1.2500000e-01
  -2.0000000e-01
  -2.0500000e-01
  -1.6500000e-01
  -1.6000000e-01
  -1.5500000e-01
  -1.4000000e-01
  -1.4500000e-01
  -2.0000000e-01
  -1.4500000e-01
  -1.6500000e-01
  -1.9500000e-01
  -2.2000000e-01
  -1.9000000e-01
  -1.9000000e-01
  -1.6500000e-01
  -1.9500000e-01
  -2.0000000e-01
  -2.0000000e-01
  -4.5000000e-02
  -8.0000000e-02
  -1.5000000e-01
  -1.5000000e-02
   5.5000000e-02
   5.5000000e-02
   1.4500000e-01
   9.5000000e-02
   8.5000000e-02
   1.0500000e-01
   9.0000000e-02
   6.5000000e-02
  -1.5000000e-02
   5.0000000e-03
   1.0000000e-02
   0.0000000e+00
   2.0000000e-02
  -3.5000000e-02
  -6.0000000e-02
  -8.0000000e-02
  -1.1500000e-01
  -1.5000000e-01
  -1.2500000e-01
  -7.0000000e-02
  -1.0500000e-01
  -1.5000000e-01
  -1.2500000e-01
  -1.2000000e-01
  -6.5000000e-02
  -9.5000000e-02
  -7.0000000e-02
  -6.0000000e-02
  -1.1500000e-01
  -1.2500000e-01
  -6.0000000e-02
  -1.2500000e-01
  -9.5000000e-02
  -8.5000000e-02
  -3.5000000e-02
  -4.5000000e-02
  -3.0000000e-02
  -8.5000000e-02
  -5.5000000e-02
   2.5000000e-02
   1.0000000e-01
   1.5000000e-01
   2.7000000e-01
   2.2500000e-01
   1.6500000e-01
   5.5000000e-02
  -4.5000000e-02
  -8.0000000e-02
  -9.0000000e-02
  -9.5000000e-02
  -9.5000000e-02
  -1.2500000e-01
  -1.3000000e-01
  -6.7000000e-01
  -8.2500000e-01
  -3.9500000e-01
   6.7000000e-01
   2.7200000e+00
   1.9650000e+00
   1.3300000e+00
   5.2000000e-01
  -1.7000000e-01
  -1.0500000e-01
  -2.0500000e-01
  -1.5500000e-01
  -1.7500000e-01
  -1.2500000e-01
  -1.9500000e-01
  -1.3000000e-01
  -1.5000000e-01
  -1.9000000e-01
  -1.7500000e-01
  -1.5500000e-01
  -1.9500000e-01
  -1.9000000e-01
  -1.8500000e-01
  -1.1000000e-01
  -2.0500000e-01
  -2.1500000e-01
  -2.0500000e-01
  -1.8000000e-01
  -1.5500000e-01
  -7.5000000e-02
  -1.3000000e-01
  -4.5000000e-02
   5.5000000e-02
   5.0000000e-02
   1.0500000e-01
   1.2000000e-01
   8.0000000e-02
   1.1500000e-01
   1.2000000e-01
   6.0000000e-02
   1.5000000e-02
   3.5000000e-02
  -5.0000000e-03
   0.0000000e+00
   2.5000000e-02
  -2.5000000e-02
  -6.5000000e-02
  -6.5000000e-02
  -9.5000000e-02
  -9.0000000e-02
  -9.5000000e-02
  -7.5000000e-02
  -1.0000000e-01
  -1.6500000e-01
  -1.2500000e-01
  -1.1500000e-01
  -7.5000000e-02
  -8.5000000e-02
  -1.3500000e-01
  -1.4500000e-01
  -5.5000000e-02
  -8.5000000e-02
  -1.3500000e-01
  -9.5000000e-02
  -4.5000000e-02
  -5.5000000e-02
  -1.2000000e-01
  -1.0500000e-01
  -1.1000000e-01
  -5.0000000e-02
  -7.5000000e-02
  -7.5000000e-02
  -3.5000000e-02
  -1.5000000e-02
   6.0000000e-02
   1.2000000e-01
   2.6000000e-01
   1.6000000e-01
   1.5500000e-01
   8.0000000e-02
  -4.5000000e-02
  -6.5000000e-02
  -7.0000000e-02
  -1.1500000e-01
  -9.5000000e-02
  -1.7500000e-01
  -1.4500000e-01
  -5.3500000e-01
  -7.4000000e-01
  -6.6000000e-01
   8.5000000e-02
   2.4050000e+00
   2.3400000e+00
   1.4150000e+00
   8.1000000e-01
   1.0000000e-02
  -1.3000000e-01
  -1.7000000e-01
  -1.7500000e-01
  -2.2000000e-01
  -1.6000000e-01
  -1.4500000e-01
  -1.8500000e-01
  -1.7000000e-01
  -1.7500000e-01
  -2.1000000e-01
  -1.9500000e-01
  -2.2000000e-01
  -1.2500000e-01
  -1.9000000e-01
  -1.9500000e-01
  -1.8500000e-01
  -2.2000000e-01
  -1.9000000e-01
  -1.6500000e-01
  -2.0000000e-01
  -1.1000000e-01
  -9.5000000e-02
  -5.0000000e-02
   1.5000000e-02
   4.5000000e-02
   1.2000000e-01
   1.9000000e-01
   1.6000000e-01
   9.5000000e-02
   1.1500000e-01
   7.5000000e-02
   4.5000000e-02
   3.0000000e-02
   1.5000000e-02
   2.0000000e-02
  -3.0000000e-02
  -2.5000000e-02
  -5.0000000e-03
  -1.0000000e-01
  -6.5000000e-02
  -5.5000000e-02
  -9.0000000e-02
  -1.2000000e-01
  -1.0000000e-01
  -9.0000000e-02
  -1.7500000e-01
  -1.2500000e-01
  -1.1000000e-01
  -1.1500000e-01
  -1.0000000e-01
  -1.1500000e-01
  -2.5000000e-02
  -5.0000000e-02
  -1.2500000e-01
  -1.3500000e-01
  -9.5000000e-02
  -5.0000000e-03
  -9.5000000e-02
  -1.1500000e-01
  -1.0000000e-01
  -4.5000000e-02
   6.5000000e-02
  -1.5500000e-01
  -1.2000000e-01
  -8.5000000e-02
  -5.0000000e-02
   5.0000000e-03
  -1.0500000e-01
  -7.5000000e-02
   5.5000000e-02
   1.8500000e-01
   1.1000000e-01
   1.9500000e-01
   2.1000000e-01
   1.5500000e-01
   1.1000000e-01
   0.0000000e+00
  -2.5000000e-02
  -9.5000000e-02
  -1.1000000e-01
  -8.0000000e-02
  -1.6500000e-01
  -1.3000000e-01
  -4.4000000e-01
  -7.1000000e-01
  -7.2500000e-01
   0.0000000e+00
   2.2500000e+00
   2.4000000e+00
   1.4100000e+00
   9.1500000e-01
   5.5000000e-02
  -1.2500000e-01
  -1.7500000e-01
  -1.3500000e-01
  -1.3500000e-01
  -1.9500000e-01
  -2.2000000e-01
  -1.4500000e-01
  -9.5000000e-02
  -1.8000000e-01
  -1.9500000e-01
  -1.3500000e-01
  -1.5000000e-01
  -1.8500000e-01
  -1.8000000e-01
  -1.4000000e-01
  -1.5000000e-01
  -2.0000000e-01
  -2.3000000e-01
  -1.5500000e-01
  -6.5000000e-02
  -1.3500000e-01
  -1.3500000e-01
  -3.0000000e-02
   8.0000000e-02
   5.0000000e-02
   1.2000000e-01
   1.6000000e-01
   2.5500000e-01
   1.5500000e-01
   8.5000000e-02
   1.2500000e-01
   9.5000000e-02
   3.0000000e-02
   3.0000000e-02
   9.5000000e-02
   5.0000000e-02
  -6.5000000e-02
  -4.0000000e-02
   1.0000000e-02
  -7.5000000e-02
  -2.5000000e-02
  -1.0000000e-01
  -6.0000000e-02
  -1.3000000e-01
  -1.1500000e-01
  -4.0000000e-02
  -7.5000000e-02
  -8.0000000e-02
  -1.0500000e-01
  -8.0000000e-02
